2
26
136
149
67
20
-93
-117
-66
-44
-7
80
120
131
74
4
-72
-108
-160
-88
-3
89
96
99
32
2
-59
-109
-92
-77
0
66
62
110
102
54
-59
-158
-81
-30
-8
119
61
139
63
15
-66
-135
-75
-51
-17
78
154
116
34
64
-86
-124
-83
-119
-63
132
67
140
-4
41
-36
-119
-76
-68
0
80
116
96
84
-9
-76
-87
-131
-120
19
76
153
103
62
-8
-52
-161
-79
-53
51
104
117
158
110
65
-134
-124
-74
-74
-47
73
190
115
36
42
-63
-174
-95
-86
-35
59
116
157
65
-6
-58
-62
-101
-98
-8
27
117
62
-29
-7
-73
-114
-142
-102
10
82
83
135
70
-52
-55
-95
-143
-32
4
127
117
115
51
-40
-75
-174
-141
-87
16
61
197
105
87
6
-25
-113
-150
-98
-30
46
125
156
117
5
-66
-138
-101
-99
-49
110
124
117
31
9
-63
-153
-142
-78
21
57
117
149
124
-4
-108
-106
-83
-51
-21
69
130
130
85
-35
-62
-104
-149
-59
53
136
90
98
58
-9
-186
-88
-168
-58
33
114
190
113
103
-35
-6
-51
-101
-75
25
79
144
159
118
-55
-88
-72
-164
-70
16
71
100
89
88
-34
-17
-127
-151
-89
67
69
179
175
74
41
-103
-61
-151
-83
20
27
160
151
70
-37

