0
74
120
120
74
0
-74
-120
-120
-74
0
74
120
120
74
0
-74
-120
-120
-74
0
74
120
120
74
0
-74
-120
-120
-74
0
74
120
120
74
0
-74
-120
-120
-74
0
74
120
120
74
0
-74
-120
-120
-74
0
74
120
120
74
0
-74
-120
-120
-74
0
74
120
120
74
0
-74
-120
-120
-74
0
74
120
120
74
0
-74
-120
-120
-74
0
74
120
120
74
0
-74
-120
-120
-74
0
74
120
120
74
0
-74
-120
-120
-74
0
74
120
120
74
0
-74
-120
-120
-74
0
74
120
120
74
0
-74
-120
-120
-74
0
74
120
120
74
0
-74
-120
-120
-74
0
74
120
120
74
0
-74
-120
-120
-74
0
74
120
120
74
0
-74
-120
-120
-74
0
74
120
120
74
0
-74
-120
-120
-74
0
74
120
120
74
0
-74
-120
-120
-74
0
74
120
120
74
0
-74
-120
-120
-74
0
74
120
120
74
0
-74
-120
-120
-74
0
74
120
120
74
0
-74
-120
-120
-74
0
74
120
120
74
0
-74
-120
-120
-74
0
74
120
120
74
0
-74
-120
-120
-74
0
74
120
120
74
0
-74
-120
-120
-74
0
74
120
120
74
0
-74
-120
-120
-74
0
74
120
120
74
0
-74
-120
-120
-74
0
74
120
120
74
0
